12.486685028 2.514775648 27.039474962 -0.570766556 -0.141723161 -0.087852864 0.804003705 0.270293049 -1.377973293 0.831044670 -0.627577259 2.058331486 -1.000457462 -0.465997613 -0.365030877 0.753293354 -0.664181083 0.904210647 -0.362439652 -1.163487571 0.222153847 1.132293112 1.552235329 -0.875814728 -0.405315640 -0.136929514 0.911103183
4.208142363 3.768358064 26.286912058 -0.719200455 0.177834951 -0.413219643 0.529504450 0.052709405 -1.406923690 -0.675248751 1.282104590 -0.861586062 -0.420848185 0.768933314 -0.916974597 1.386459893 0.716388481 -0.538263226 -0.834614802 0.120051159 1.518147311 0.139515721 -1.103154062 0.151273931 -0.057466985 0.181519475 1.370044614
2.730208940 8.566282548 19.716486449 0.716276248 -0.132344222 0.580746723 0.363547228 -0.196953377 0.574482479 0.057883360 0.145657461 1.608980991 -0.179045412 -0.683957943 -0.438978970 -0.492561050 -0.849441048 -0.216093905 0.451919225 0.486970701 0.076772855 -1.690930092 0.324244926 -0.789828523 1.266058454 -0.394791922 0.861737327
11.876046858 9.108126476 12.684863576 0.067064362 0.006978639 0.990440141 0.120341166 1.042486761 0.436946072 -1.441219347 0.883845599 -0.392607875 1.492753400 -0.471405183 -1.038573701 -0.084450745 1.174104596 -0.325032003 0.000893036 -1.563059634 1.221164177 -0.604177204 -1.408870439 2.540206027 -1.081524010 0.803063531 -0.116744743
12.765507865 8.629594749 15.591039801 0.840166807 0.247498029 -0.481898012 -0.025273865 -0.158833196 -0.679628119 -1.128179505 -1.006057693 -0.285659631 -1.702680966 -0.396846090 1.609894771 0.400481719 1.493871779 0.538493704 -0.104996970 0.013801819 0.270030299 0.885663370 1.478508875 -0.241246007 -2.010676227 -0.080263119 0.464874408
10.118311650 9.656985482 14.761279171 -0.380079190 0.535577607 -0.705469847 0.266474635 -0.414902314 -0.526377845 -0.327112264 1.767964068 -1.431987811 1.198112140 0.105623985 0.128479770 -0.424175980 1.107073757 1.491624541 -2.195762602 0.127844887 -0.210678501 0.043451792 0.019661407 -1.066920072 -1.648433437 -0.343113034 -0.893498271
13.404235631 9.260367061 27.012957264 -0.199239664 -0.023217001 0.117462481 0.972608396 1.746992591 1.207860902 0.492587131 -0.875000911 -2.470458531 -0.436071581 -0.583919921 0.589098550 0.486372443 0.340359840 0.634199222 0.144445974 -0.167894910 1.135055662 -0.396675741 0.659226798 -0.232999519 0.547919742 -0.451098116 1.428321486
14.167797330 1.459132234 15.948742945 -0.074272171 -0.872966911 0.291483818 -0.383991668 -0.023521285 1.247900813 1.731815001 1.287155678 0.273516876 1.143345012 -0.453131587 1.691035221 -0.602021860 -0.362040673 -0.070727244 -0.174516840 -0.360221154 -2.174120486 -1.035243901 -2.400476068 -1.530536611 0.301506701 1.229858474 1.673143153
10.395562042 -3.886925230 24.203578820 0.141104560 0.157638256 0.738279494 0.640455363 1.841057733 1.240802706 -0.015611839 0.629687851 -1.590035515 -1.425897440 1.498028705 -2.211881669 1.405983396 0.390924688 -0.704195342 0.858043061 0.621765287 -1.209747955 0.470145354 -1.123378860 1.927604499 1.749724295 1.561264446 -0.892989451
10.537615551 6.162018895 21.318939518 0.326958748 0.909422331 -0.017649534 0.256393242 -0.324955137 -0.568048409 1.615168668 -2.953660191 -0.466751457 -1.360634014 -0.024890435 -0.239739406 -0.549029590 -1.092889849 0.047338155 1.079787854 0.609424728 0.059623360 -1.729267093 0.221436576 0.100586882 -1.090773951 0.013931612 0.017545134
12.613203468 -1.126953799 25.232630981 0.109204248 0.680782526 0.457334924 0.561653231 -0.443934571 1.367554190 -1.624901073 1.381304079 0.365220278 1.518439109 -0.604469370 0.886166772 -0.329419984 0.621038702 -0.157919179 -0.408414146 0.672462416 -1.107518285 0.419354269 0.280185748 0.444398929 1.341515467 0.784346310 0.492041933
11.587261081 12.561915976 16.695458765 0.886810956 -0.002125441 -0.247609886 -0.390193741 -1.143610000 -0.625774815 -0.893903743 -0.192407148 -0.043196539 0.117013279 0.470866359 -2.131578870 1.297729082 -0.709213982 -0.030226254 0.097926085 0.475340632 -0.369618715 -0.459877359 1.394958769 -0.204191206 0.181573713 -0.128939874 0.551218286
9.454924048 2.008010892 24.701151678 -0.495444115 -0.779491727 0.356178489 0.141649782 0.147218420 0.226691178 -1.314386827 1.659675762 0.480200273 -0.329064527 1.035799089 1.473034506 2.407016673 -1.373114706 -0.974965512 0.135601483 -0.507370634 -1.391311400 -0.224361426 -0.437605999 0.824736754 -0.647543011 0.886894631 -1.868512053
13.835169976 -3.443841006 21.105265869 -0.839084260 0.061869063 0.483077570 -0.242375503 0.147737051 -0.164797451 0.246056107 -1.064893881 -1.235140131 0.043583139 0.953388197 -0.562612308 0.272212268 0.354935019 -0.122921400 -0.446683483 2.689341752 2.312751069 -1.680466419 0.494390399 0.136866748 1.699015292 -0.297697313 -0.139699831
16.177043561 -3.299448075 21.751324309 -0.325975634 0.231801032 0.635244355 -0.660660864 0.344023443 0.124236671 1.431033864 0.329043128 -0.391835570 1.786135824 0.160609452 -0.809068606 -0.943922455 -1.989017274 0.448557898 -0.266904969 0.074869929 -0.750055542 -0.477539699 -0.561050658 0.075613046 0.273927143 -0.253130094 -1.630962828
9.875987480 5.734065323 22.672760689 -0.222705199 -0.613957425 -0.149759897 0.742314386 -1.033614051 0.163213518 -1.091556388 0.284613853 1.474520365 0.814293827 -2.547139632 -0.542270710 -0.858095347 -0.018904575 -0.540860119 -0.599584746 -1.313831037 0.415780389 -1.168880228 -0.419608480 -0.392977776 -1.092841435 -0.897594203 -0.268678967
4.050164356 4.375436082 27.611698762 0.494898804 -0.502710178 0.668605286 0.235211869 -0.128409453 -1.437785303 1.103483599 0.700276997 0.297254218 1.012905412 -0.830381823 1.561633005 0.422801973 0.223790776 0.790446907 1.289378970 -0.989115080 -1.003608408 0.604343960 0.073615926 -0.313280944 2.041449859 1.261923708 0.056081502
10.964558428 4.987722660 25.634825048 -0.089172306 0.438570362 0.336505602 0.828533836 -1.802473142 0.943734902 -1.197114015 -0.115710648 -0.972708737 0.455811418 0.380742642 -0.425148782 1.142046017 0.001367145 -0.438183815 -0.545957187 0.640943860 -0.489582219 0.209599729 0.228649262 -0.117656758 1.940748454 1.098538085 -0.437630997
13.259604306 13.811437249 21.531542589 0.477652374 -0.803546840 -0.191337431 0.299250186 1.371735190 0.985293453 -0.360051617 0.727929252 -0.139828738 1.254430910 -0.884587030 -0.025404421 -0.648794713 0.916071822 0.888672924 0.069114871 -0.240964262 0.637315294 -0.757808017 -0.329543561 -0.653912704 -0.768711898 1.284893141 -1.751956649
13.454135118 7.024995241 13.166862586 -0.167404073 0.269402370 0.645504736 -0.694781891 0.243500108 -0.037089171 -0.717691137 -0.638387912 0.343698822 1.800117525 0.677119018 -0.071173030 1.010971847 1.356286840 0.776179476 0.649591753 0.613200718 -0.339456377 -0.866840052 -0.591548360 0.147172583 -0.147532281 -1.059826426 -0.768282754
9.716467609 10.038470437 13.819223946 0.740733872 -0.173189621 0.507283863 0.404946624 1.082899836 0.397455387 0.438454183 0.767800626 0.264838415 -0.174914653 -1.174677188 0.397949077 0.975995521 -1.037655564 1.884870059 1.417810435 -0.466249527 1.054023660 0.620437133 -0.575087991 0.172177133 -0.270970544 1.683324265 0.181127201
13.130079096 -3.602017272 18.063304077 -0.626015527 0.556209552 0.538919980 -0.091108449 -0.944604838 2.668884447 1.062205930 -0.041833946 -1.008751072 -0.748734237 -0.941448440 0.160851187 1.404017107 0.309633239 0.804166938 0.751675465 -0.243236598 0.351393007 -0.768282906 -1.111267585 0.660887144 -1.965248007 -0.013388768 -0.019739171
16.103444138 1.561828576 16.888696436 0.036193373 0.968911263 0.124767611 -0.210556521 -0.980605588 0.756768210 1.192660756 0.671212337 -1.691535320 -1.542528327 -0.164129065 -0.377674466 0.567801416 0.480781736 -0.891206883 -0.869210741 0.613795417 -0.382618688 0.472043560 -0.057287410 0.047363278 -1.903234983 -0.896510116 0.759650690
12.583887193 2.338295978 17.763168190 -0.783085895 0.563127616 0.246101924 0.095381405 -0.104928533 1.725715616 -1.916277214 -0.906270548 1.291513086 0.767782739 -0.304940478 0.020015606 1.665112087 0.299211031 0.547705055 0.132104545 -0.716580562 -1.093444536 -1.053720001 0.218779656 -0.732289857 0.419400990 1.426991406 -0.815237402
19.069314556 2.994415600 16.909756108 0.440761208 -0.112540083 0.889142767 -0.049894155 -1.255160429 0.007535830 -1.976112736 0.587152299 0.835175183 0.412232716 0.680496947 0.077672346 1.863392160 -1.418804384 -0.473342240 0.916795204 0.527005385 0.291824172 -0.177195391 -0.708354227 1.158113322 -0.998759853 -0.539634210 -0.136126757
6.632380223 6.038223459 28.434400216 -0.086775152 -0.634621435 -0.758471318 0.120195534 -1.768936689 0.505176808 0.345182552 -0.031841015 1.024324237 -1.589862563 -0.893257354 -1.458463166 1.406224999 -1.438666853 1.173067373 1.371191139 -0.319426153 0.442695993 -0.865564790 -0.988710924 -1.874794138 0.973208754 -0.615324166 -0.918288339
14.356948397 11.408469686 25.472524117 -0.254010324 0.101636473 -0.868475147 0.413400171 -1.477095960 -0.700419044 0.176840087 -0.611836631 1.208049120 -0.765914459 0.246101821 1.482107209 -0.454773161 0.617158146 0.885137743 0.664051306 -1.059169168 -1.854486329 -0.052211615 0.686998536 -0.581015071 1.183751858 -0.204485392 -0.482308627
9.807810352 4.415196824 16.426499025 0.373622697 -0.044141474 -0.000713475 0.926529601 1.485990223 -0.581599344 -2.520508312 0.838432229 -0.983699084 -0.780239310 0.091179187 0.296555000 0.481827392 0.324094219 0.371102736 0.319403569 -1.198828079 -0.716815498 -0.953922590 0.016961996 0.546260526 -0.576424942 -0.578290982 0.179789630
8.989235280 11.532143945 24.995953271 0.598974458 0.657099101 0.291225422 -0.353041249 -0.391659131 0.157030958 0.162275027 -0.550282828 -1.822759026 -0.073189068 0.423648871 -1.383264892 -1.058579129 0.602253581 -0.311140768 0.238559637 -0.533767463 -0.036679504 -0.897385950 1.579883515 0.704171085 0.263973991 -2.045562520 0.268829526
17.063448543 3.518410567 24.465823211 0.259124754 0.636657609 -0.415650041 0.595614384 -0.140819617 0.529320631 -0.075218148 0.412150606 -1.164710035 -0.023138579 1.339613403 0.168976411 -0.598999167 -0.011240757 0.197698994 -0.705346863 -1.967265933 -0.138986335 1.921952736 0.005311455 1.647609250 -0.804075358 1.752263065 -1.263029254
3.857079159 3.170699954 16.099287330 0.641893794 0.755816433 -0.109963799 0.067984113 -1.643603013 2.009086909 0.770511483 -0.480003923 -0.987416893 -1.453593867 1.261797249 -0.129231130 -1.163201540 -0.009200252 -0.490852064 0.431943476 -0.924420458 -1.133368869 -0.072472350 -0.501375884 -0.099765378 -0.764720939 1.526621633 0.223842467
11.425922631 5.122262621 11.393396336 -0.306790068 0.516024573 -0.501997115 -0.622573200 0.786686640 0.470119006 -0.432761947 -0.701631433 0.657529246 0.810626036 1.807090728 0.387671243 -0.067854332 -0.253462717 -0.201736138 -1.431811289 1.275150412 -0.363405455 -1.039605118 0.354651188 -0.681137738 0.135479692 0.609184332 0.251014164
11.447951740 11.330140393 23.407944665 0.434563368 0.179764119 0.626032319 -0.622031411 0.176923669 2.024158529 0.739262027 0.330857381 -0.762772061 -0.329014731 -0.640729172 0.466798864 0.834837810 -0.880441381 -1.455509900 -0.393754167 -0.317334928 -1.801211209 2.198450074 -1.467744840 0.684081123 0.433963050 0.568429603 -0.113002806
10.910696643 11.910138557 16.678463643 0.578602146 -0.374905837 -0.672216311 0.269796964 1.367550747 -0.752098243 0.899759116 -1.017032426 1.286882648 1.345740903 -0.185505054 -0.342596549 0.280617270 -0.029110947 0.039988834 0.036219863 -0.116290029 0.148402304 1.781042269 -0.407984210 3.038723299 0.072186435 -0.420897783 -0.251286496
7.548709360 9.422648330 16.780161643 0.276583286 0.942356624 -0.188319640 -0.001179721 -0.035667246 0.730196088 1.165397245 -2.077283597 0.890944588 0.453671295 0.944802478 0.692075923 -0.088920965 0.052815678 -0.576029592 -1.842345351 -0.098350137 0.954160987 0.832456419 0.682727769 -1.867669079 -1.319402793 1.676883465 0.728736092
18.453008332 1.350459642 16.743430770 0.771417479 0.465822611 0.296238321 -0.316492062 -0.561892457 0.953083971 -1.427724146 1.355943800 -0.419693887 0.598646739 -1.156288483 -0.381989334 0.741380574 0.215950980 0.214976427 0.884391969 1.792211694 1.533172344 -0.559474157 0.231479766 0.878441986 -0.534012570 1.378008707 0.382948491
8.221124558 10.002010717 25.443809674 0.164739948 0.168939411 0.257973630 -0.936893714 -0.361127829 0.444227270 0.340611833 0.366458901 -0.797087882 0.016277711 -1.334070459 1.462168401 -0.590839721 0.172515540 -0.166971939 -1.343098603 -0.614428495 -0.889110836 -0.378177586 -0.238595391 2.167240650 -0.354804646 -0.113090711 -0.025393891
15.570350251 10.615405463 19.337353566 -0.010786422 -0.177546106 -0.766264882 -0.617413285 0.063045112 1.080536732 0.723664626 -0.244168899 0.655584584 -0.327476196 -0.269969809 -1.922126347 -0.318704768 1.113585734 0.865839039 2.026401387 -0.598739943 2.081705015 -1.080779845 1.979923011 0.451930019 -1.739668604 -0.647450716 -0.419996268
9.761682997 8.907613166 27.594140221 0.160186732 0.362174370 -0.879679431 0.263313570 0.678293388 -1.577337238 1.999061404 1.709407577 1.270263006 1.152602826 0.246688117 -1.167344355 -0.134837372 -1.261515538 0.102688355 0.930760532 -0.750051923 0.784351840 -0.095908904 0.234731338 0.197546226 -1.409333281 -1.133096824 1.256358481
10.177467268 6.420893451 11.848058378 -0.561711349 -0.160346707 0.717838627 -0.378783579 1.308962921 0.191434434 0.486457024 2.057464920 0.762343342 -1.447922150 -1.503817568 0.332085323 -0.174072990 0.518384901 0.912906449 -2.130684711 1.050464493 -1.740473439 -0.149482086 1.563373571 -0.373503885 -1.487688518 -0.223669363 -1.796111779
15.151883802 7.524950761 22.752814410 -0.241723947 0.521967438 0.817996024 0.001425575 -1.114491361 0.766617457 -0.098757523 2.428789657 0.225668748 0.836278484 0.969649413 -1.643344985 -1.011563128 0.978784689 -0.207525402 0.322072511 0.620755012 1.733642370 -1.166885807 1.103224040 0.108248297 -1.876878142 0.330877903 -0.442161755
15.217900726 1.971801847 17.992890964 0.445599787 -0.100766358 0.862416605 -0.218001309 0.466393781 0.317268641 0.132695614 1.970350687 0.217057550 1.443505199 0.343676854 -0.614448831 -0.478550491 0.566984714 -1.268271614 0.438148997 -0.125687407 1.136997521 1.702436129 -0.096924049 -1.510386906 0.630939914 -0.356171897 1.622791679
7.373395191 3.672830289 28.832972782 -0.337272854 -0.181009495 -0.012971014 0.923750149 -0.635257249 2.278647241 0.988871046 1.182549089 -1.704350247 -0.433209239 2.182026601 1.438519989 -0.794347752 1.115092581 -0.046099144 -2.094145471 -0.951743879 -0.144791545 0.023659381 -1.529656187 -0.095905385 -0.775217922 -0.004544577 0.639970614
16.632050062 6.114025071 27.628829292 -0.351064668 -0.083052148 -0.929842869 0.072444308 2.049819751 -0.299272522 2.193509331 -2.768030562 0.545699669 0.347249518 -1.594011270 -1.294116794 0.663639484 0.745345231 -0.576360334 -0.370527267 -0.023147739 -1.145819874 -0.989951172 -0.203128211 -0.444449536 -0.625023860 -0.010230357 -0.583484536
11.415617098 8.594058893 14.985145936 0.567121351 0.344541772 -0.406729199 0.627881916 -0.992264707 1.121712979 0.358838342 -0.052199047 0.571648770 -0.845126196 -1.480438433 0.697204217 1.678172573 -0.005995017 0.328415491 -1.252493686 0.210629032 -0.291886380 -0.487115974 -0.662577242 1.698341298 0.375667694 -0.900141331 0.252626065
9.973497223 7.610277608 12.174592989 0.101126492 -0.399858745 -0.907088991 -0.084118843 -0.846471521 0.021635218 -0.733519074 -0.437191301 0.774173106 1.111520107 -1.753777700 -0.008760111 0.400052029 -1.188727305 -1.344781891 0.854852567 0.762361654 -0.090542778 0.275311473 -0.217289227 0.281004230 -0.024984725 -0.816559661 -0.854973706
9.438342162 2.052095202 15.747722955 -0.077526644 -0.119034231 0.948025219 -0.284725579 0.553353532 -0.098955602 1.124025833 -0.435113932 -0.418855667 -1.140085700 0.740093887 -0.802295645 0.823916225 1.001529631 1.796004797 -0.163839663 -2.030673767 0.006790929 0.532207774 0.009569455 1.214882597 -0.173513727 -0.626460285 -1.618202326
8.747026405 -2.451175434 25.668454156 -0.524016209 -0.183446100 0.792457082 0.252519928 1.293101157 -0.147838534 -0.331378083 -0.320023704 0.221156571 0.369180233 1.677880987 -0.768346484 0.851588050 -0.436144949 -0.062355966 0.044633479 0.879662660 0.440961777 -1.329365540 -0.548305647 0.226789641 0.492152314 0.385449251 -0.347752816
9.891851735 7.164399068 16.307569295 0.423691867 -0.638748643 0.604926478 0.215752935 -0.936644150 -1.336312738 1.246724382 -0.423664352 1.228240792 -1.917554210 0.027768550 0.606985404 -1.066346273 -0.689397847 -0.370914281 1.172882839 0.245588254 -0.508594935 0.513215164 -0.412189836 0.188242175 -2.613159689 0.819022140 0.880719033
16.455727648 6.271303973 26.884356292 -0.498563230 0.677256350 -0.497962036 0.211642040 0.021584803 0.622542658 0.238217674 0.074734674 -0.594023833 1.083871449 -0.066364105 0.004323275 -1.613034278 1.254303800 0.586384738 0.461329157 0.220218604 1.695071288 -0.571633199 -0.886107628 -0.091473595 -1.040529795 -0.712617814 2.544480360
14.633627599 6.825165391 26.029810479 -0.746975380 0.402092018 0.194938446 0.492289339 -0.632784396 -0.239056471 -1.188388898 -0.136613898 -1.868021294 1.255458280 0.172489886 -0.726272762 0.246392137 -0.012892557 -0.314861921 -0.177270394 0.385408158 -0.830186121 -1.008757878 0.343710726 -0.983484361 -0.036759496 0.169407628 -0.130637378
7.256979551 6.013881482 26.860955518 -0.471312096 -0.092710239 -0.830161176 0.283023216 0.375959828 -0.326131444 0.194054684 1.223613539 -1.877639398 -2.580936013 1.788470316 1.563480114 -0.224985444 0.338865284 -1.219017012 -0.979715811 -2.216519844 1.157104522 0.027597705 0.019947548 2.245757188 0.626196607 0.433864794 -2.472507738
13.971908277 4.104806778 18.829362252 -0.507740952 -0.293960597 -0.242636493 -0.772601984 -0.124940376 1.173613211 -0.123665063 1.001725408 -1.276950095 0.223631272 0.652017131 1.863197741 -0.056165590 -0.078418323 0.663046800 -0.692188874 0.424125601 -1.464185420 -0.913544431 0.331120744 0.388014129 1.522524801 -1.191745651 -2.237287574
8.792005103 0.518834694 16.986481467 -0.229048827 -0.605288863 0.734560222 -0.203919857 0.072839270 -2.262008094 1.709968787 -0.931116354 1.007907787 0.547246095 0.600967562 0.445249935 2.551850154 -1.354374220 0.068570220 -0.801242590 0.079534443 0.820868084 -0.155000103 -0.488696039 0.287145597 0.168023734 -1.434183622 -0.957950986
4.372864190 11.341509105 18.645979743 0.532196540 0.724448055 0.433208870 0.065360036 0.359609839 1.061753754 -0.327590291 -0.505236687 0.101673335 -0.843619987 -0.736132002 0.452023927 -1.651331619 -0.701434584 2.435917268 0.063771199 -0.382389675 -0.750879873 0.258748603 -0.181671504 0.819761915 1.242686048 -0.770256493 -0.384166831
10.173647750 8.329640903 20.928202185 0.364553129 -0.066319924 -0.802236281 0.468102162 -0.674312999 -0.106198692 0.000853742 -0.523395776 0.130696157 0.770860157 -0.699807962 0.072113406 0.745630607 -0.731827109 0.552496396 0.328601504 -1.224915745 -0.122536674 -0.200849259 0.573397787 -0.569754045 1.935491173 -0.234573894 0.337401483
10.457787861 1.196800666 27.127518994 0.144649912 -0.917723425 -0.246995751 0.275414629 0.636482408 0.173262901 0.652572364 0.009844180 1.062730539 -0.875887964 0.481198830 0.086260036 0.112529308 -1.477665913 0.953490964 -0.395298700 -0.654677279 -0.774976626 -0.401726314 0.879777775 0.411566706 0.326367555 -1.605094566 1.397838596
18.922829081 5.215986516 18.373203510 -0.011391114 0.557370647 0.345500861 0.754875724 0.041809765 0.112177975 0.983530681 1.008682961 0.813284881 0.471536408 -0.837876019 1.470231321 -0.743412449 -0.023108018 0.341788723 -2.097928915 -0.156746651 0.518576565 0.108359254 -0.275886402 -0.952277840 -2.098494707 -0.548733145 -0.976137360
15.781822020 1.991773972 15.430045191 -0.174459802 -0.414212291 0.660731375 -0.601187164 2.603797907 -0.711876084 -1.067602719 0.455530541 -0.198321315 0.084803182 0.240508521 -1.533874960 0.662301985 -0.218414457 1.036835377 -1.063136852 0.307421185 0.960189649 -1.894309694 0.486522135 1.016935729 1.608138467 0.476996170 -0.524019726
10.890747874 1.898892763 25.363139727 0.254914629 -0.608345801 0.750458287 -0.041788484 0.421505833 0.166594714 0.026330812 1.699943411 0.212040740 0.523550623 -1.003203429 -0.139606710 -0.470201159 -0.291938361 1.927187227 0.953084378 0.517110202 -0.071955195 0.446866782 0.188695028 0.828522948 -0.400988254 0.870969339 -0.114684180
8.805240108 -0.985555948 24.761880876 0.330623383 -0.119824622 -0.409869869 -0.841627548 -1.530238609 -0.721773448 0.515592058 -1.463138885 -0.179111023 -0.630382608 0.365124475 -1.443242184 -0.985655847 1.341181753 -1.738154586 0.580097908 0.128577720 0.776436674 0.157170506 -1.053690043 -0.078246232 -0.650431462 -1.012758307 0.597876123
8.754075619 -1.768383072 21.219581869 0.640435766 0.312114036 -0.624965336 -0.319131927 0.952771630 -1.724144821 -1.688803828 0.654885462 -0.541452652 1.336635058 -1.233189632 0.195003378 -1.548308147 2.054536428 1.240678813 0.355737728 -1.149164883 0.151768373 1.029399801 0.214832465 1.226104415 1.428901031 -1.531008680 2.003094396
11.506184515 9.968083818 20.754551704 0.574559657 -0.000114461 -0.779195109 0.250471894 -0.799343286 0.781398840 -0.540714615 0.597320173 0.670149615 -1.241521450 1.042160053 -0.703461285 -0.534085153 -0.090367950 -0.852091795 -1.574143167 -0.765917684 0.076470428 -1.598278451 0.843081198 -0.348863968 1.140637241 -1.854161697 -1.354550765
10.076226761 3.943697962 23.661861613 -0.110446145 0.792257749 -0.118683590 0.588254634 1.019842560 -0.311833005 -0.450940140 0.897971569 0.386869357 0.901220220 -0.752649922 -0.429820524 -1.745970558 -0.430759923 1.889737979 1.279345345 0.991749618 -0.509616745 0.223423903 0.336840132 0.044156163 -0.128710199 0.735106765 1.645354054
11.141992056 -0.750649612 26.428048462 -0.685107441 0.640507526 -0.185961256 0.292910081 -0.324903640 0.631651547 -0.389085980 -0.408198448 -0.228041097 0.212261191 1.389674284 -0.148925956 0.794760752 -0.594167759 -0.289626446 -0.434251816 -0.135036026 1.122634148 -0.418772764 0.125193137 0.231396507 -0.368368683 -0.850905488 -0.951257584
14.238107073 -3.811339772 18.228108627 -0.390380456 -0.471332780 0.260337734 -0.746774915 -1.370386151 1.541301911 -1.195019732 -0.546884834 -0.272639434 1.773175557 -0.458016653 -0.426236064 1.182184658 -0.384928153 1.484546784 -0.746782578 0.180842381 -0.707185476 1.379887651 -0.837946486 0.989287145 -1.193584175 0.214665325 -0.516376914
10.962480909 -0.960100338 13.311151334 -0.647110993 0.682592319 0.267727302 0.208895142 -0.231547810 0.098403406 0.068136418 -1.555993999 -0.311982503 -1.650691676 -0.163944385 -1.066371393 2.732524735 -1.341570992 0.822704284 -1.657889796 0.077914158 -0.414313426 -0.756128868 -0.126694036 -0.711182113 -1.306258074 -0.013701662 0.721441115
15.147685374 8.516106191 18.963437998 -0.286634815 0.454652378 -0.580818420 0.611376857 -1.147288946 -1.072676756 0.344955687 1.511029891 1.050633185 -0.689753016 -1.325316668 2.173688961 0.129428323 0.598481265 0.178221997 1.203699723 -1.426740384 -0.367743680 -0.601610874 0.707408748 -0.334723187 -1.346853772 0.309492900 0.076419881
17.818009909 9.396174402 21.136071601 -0.578103892 0.581180000 0.362179254 -0.443679936 0.281195650 1.150111371 -0.247097403 -0.138543412 0.391659434 -0.543351513 -1.222687651 -0.627710638 2.048600283 0.359126525 0.740226314 -0.262674224 -1.826070761 -0.326391065 0.125841230 0.381241968 -0.640923874 -0.631995419 -0.781396036 0.242257454
15.992189348 5.937014385 15.791353659 -0.349418293 0.147204104 0.924615986 -0.036374261 -0.542743044 0.915818705 0.539349222 0.702174869 -1.839192534 -0.493466704 0.921659614 -0.741264877 1.011566332 0.263082264 -1.391176378 -0.168043370 0.602174667 0.382108335 1.010032647 -0.663736168 -0.288603726 0.953883696 -0.229112436 -0.763230582
12.231140140 1.805637465 25.361724386 0.126608702 0.986360116 0.098782009 -0.036139636 -1.537994938 0.720053696 0.698078930 -0.884289335 -0.990766048 -0.298049131 0.338998185 -1.492818017 -1.250532335 -0.084007599 -0.617302076 -0.495237728 0.426739469 -1.565497036 -0.162968983 -1.033329157 0.755977498 0.215641338 -0.190324587 -0.082074219
11.419519641 11.427728629 22.698711349 0.156440595 -0.052025276 -0.492017583 0.854832386 -0.704042432 0.854543460 0.234929039 -0.595987454 -0.119069974 -0.894343647 0.925625675 -0.966017711 0.515711194 -0.144260094 0.928950854 0.413302780 0.912606356 1.215949716 0.172054793 -0.905248834 -0.690777860 0.707303091 0.081052300 -0.676123200
17.383199959 10.970011568 20.718566083 -0.128880717 0.214822374 -0.747994832 0.614609501 1.026474932 2.113741543 -1.282391157 -0.574626726 -0.229914177 -1.082983903 -0.172640530 0.747658859 1.908161151 -1.373042322 -0.922647728 0.251590767 1.806583636 0.106094518 1.156971703 2.058333654 -0.686531629 0.120138582 1.832986832 -0.029423697
5.830152788 3.827708671 20.177413967 0.499975603 0.616135049 -0.200452292 -0.574648481 0.048501931 0.039430860 -1.066599514 -0.346234646 0.309887059 1.529849796 -1.778256091 -1.026061133 1.446199719 -0.716817088 -1.302692684 -0.323233230 -0.755477131 1.876919321 -0.823614650 2.394288458 1.765366219 -0.393333625 0.804808124 1.052847122
16.771387573 -3.179677613 20.125507337 0.054969271 -0.806756105 -0.453486867 -0.374796783 -2.205660543 -0.146449150 -0.356897307 0.708265138 0.506406126 1.707585296 0.256066805 0.881552589 1.794846772 1.026889490 1.098208982 -1.498262324 2.141511830 0.981322143 -0.226756400 0.338992901 -2.540438686 1.427896448 0.694192948 -0.224596720
17.990415198 -1.506944609 19.951563427 -0.172552434 0.675146620 0.349236667 0.626447483 0.202775333 -0.633073669 0.593237638 0.910588667 0.522118754 0.334151414 -0.621763659 -0.124487489 1.165506458 1.248507023 -1.955480293 0.828213001 -1.453591588 -0.325125450 0.345141251 -0.354847061 2.187092401 -1.810879432 0.126239816 0.243916687
9.941934437 4.693069473 11.784000702 0.547234214 -0.055805987 0.778988553 -0.300993756 -1.124334152 0.370301822 -1.187747111 0.231344502 1.249643084 -1.776240150 -0.219103935 1.857506876 0.623557574 0.766564149 1.279257734 1.632062897 -2.153747948 -0.854298057 -0.466943888 2.590519225 -1.173010210 0.403552572 0.937000275 -0.063210997
14.721356473 -0.625882430 20.597991747 0.822157441 0.005653891 0.520761453 0.229853616 1.231213841 0.486280321 1.167759938 0.515440223 -0.961928901 -1.250396374 0.755975885 0.967292264 -0.164308160 0.185491038 -0.615609982 0.430931481 0.120241281 0.067418667 0.072842511 -0.810749566 -1.532206628 -1.034748440 0.465790833 0.627241329
0.982651157 2.558876533 19.858052713 0.489061835 -0.012606556 -0.559766188 -0.668820911 0.775598656 1.211944891 -1.323092820 -0.257902308 0.436721852 0.528177176 -0.383072338 0.126466502 -0.450074740 0.186242361 -0.950841336 1.227947916 0.037071261 0.398267422 1.556499571 0.533960695 -1.075323826 -1.323412509 -0.352188604 1.213984174
12.105456783 6.111279371 25.474211900 -0.641846396 -0.281625923 0.647288181 0.299563106 0.020403783 1.948715471 -0.532839505 0.420416953 -1.202346016 -1.027252073 -0.624017848 -0.331261869 -0.427902382 -0.139204808 1.032333277 0.669557951 0.349986714 1.693637595 -0.835128462 -0.825214942 0.234927846 -1.630340581 1.032403314 -0.077969072
12.138147519 -0.767168260 24.203170531 -0.042225865 -0.086520487 -0.175084271 0.979835027 1.124804235 0.547554611 -0.717865853 -1.243504077 0.622526303 -1.046573230 0.761678318 -0.077021149 -1.023385547 0.821483716 1.784476268 -0.738014363 -0.681740632 -1.294355469 2.539609142 0.761115136 0.596967943 1.707105739 -0.684508700 0.979616037
13.878189089 4.909494238 22.321179502 -0.496084393 -0.499535687 0.700014432 0.119767140 0.165732374 0.271495617 -1.630550734 1.578971504 -0.126070151 -0.189525669 -1.360028206 -0.465690434 -0.344572641 -0.686976209 0.571433580 -1.431207428 0.091979488 0.309812646 0.583749985 0.800488660 -0.181932835 1.812795268 0.928926787 0.676564051
13.060271949 9.598223869 12.069416477 0.181675015 0.013709950 0.578261627 -0.795248211 -0.705844197 0.419097944 0.483545795 -0.399549360 0.722265959 -0.158699242 -0.760134625 -0.377624664 1.574103763 -0.579833207 1.242403238 1.430639835 0.430602745 -1.615362941 -0.924024329 1.082913277 -1.136041042 -1.970564835 -0.332679123 0.443829129
16.112864125 8.083372554 27.809717768 -0.551502493 -0.055108084 0.346589789 0.756758626 0.522004943 -0.316585089 -1.584647246 -0.703296589 -0.189129863 -0.608266733 0.312235305 0.505214052 -0.040833549 -0.607767287 0.392425596 0.829725785 -0.035515672 1.686354982 -0.080407743 0.715004044 -0.239602807 -0.164818974 -0.065641086 0.283805249
7.076686245 0.036254828 20.582863229 -0.590311970 -0.734117297 0.335555165 -0.002510571 0.320866712 1.004354713 -1.360209367 0.724891055 -0.516710887 -1.161202790 0.895218688 -2.342698737 -1.361585959 -0.579986467 1.509710452 -0.325822901 -1.652272310 -0.400477744 1.062154083 1.039727190 0.045258512 1.916405836 -0.885205734 -0.638371185
17.507549985 2.389129145 22.390654488 -0.242005869 0.706569621 0.661327405 0.069560007 0.002909114 0.837629923 -1.047117177 -1.040237779 -0.518046378 -0.633865918 1.178563278 2.263077416 -2.198295971 0.392268732 -2.009686357 0.325690915 0.679188615 -0.524550070 -1.552547411 -0.640056457 -0.853674118 -1.415646032 -0.265373673 1.058183091
6.177584387 8.299537270 25.408956562 -0.074797572 -0.702409914 0.201735685 -0.678475017 -0.649478066 -0.344632374 -0.146446029 1.927836466 0.285102256 -1.083677617 0.852407971 0.387774618 -1.009380620 1.192254667 -0.189512824 0.959455636 0.138676237 0.539609746 0.884520182 0.395448057 0.560822765 0.051066244 0.457042199 -1.267272710
10.726531747 2.998835092 18.154342652 0.608109713 0.574016790 -0.033188685 -0.547362597 0.721861233 -0.159293100 -1.324041653 1.243583891 -1.307595483 1.200009107 -0.123531909 -0.831089765 0.063816267 2.031849701 -0.766001947 0.769611273 0.311905389 -0.955879885 -1.104909267 0.556807820 0.257162492 -0.686482974 1.523942728 -1.211004936
6.018321037 1.913405532 16.926832103 0.646578706 0.589017304 -0.477758262 0.082107457 0.933574491 1.009936003 1.183138563 -0.014647192 -1.166723945 -0.283580604 -0.631627752 3.845524425 -1.355150191 1.247580958 -0.441420708 1.703656564 0.863348694 -0.761286340 -0.166666436 0.237355461 -1.663429972 0.295312223 -0.329463969 -0.477829215
5.846348610 7.016180346 17.025222218 -0.057091560 0.992544499 -0.086075882 -0.064706374 -0.543668890 -0.597068619 0.511406312 -1.823054700 0.511797746 -0.188077942 0.362615448 -1.708179049 -1.479619284 -1.504999489 0.060451743 0.027824654 0.457619707 -0.269895860 0.112331857 -0.621181282 0.552776712 -1.765227628 -1.033258822 -0.219350318
4.218343398 7.290844918 19.361729123 0.549320100 -0.241435468 -0.062207724 0.797550338 0.442522685 0.505958096 -1.075495374 0.019133770 -0.553032862 0.061508217 1.597021708 1.797453991 1.173580836 -0.802234406 -0.231677133 -0.444074424 -0.585467939 -1.646053271 -1.104625339 -0.537977628 0.499580319 -0.428977490 0.750337364 -0.922427526
8.647220603 -1.551977340 19.380852290 -0.682306723 -0.104671941 -0.583507236 -0.427809100 0.079060590 -0.952414438 1.983667257 -1.517439652 -1.310583155 -0.856224410 1.368372168 -0.954369210 -1.168321310 1.204078969 -1.455523734 -0.125545714 -0.651646206 -0.157093860 -0.362638568 -0.680171570 -0.287572268 1.210147143 -1.590615268 -0.829050487
11.445684066 -0.725521258 15.780218218 -0.304919998 -0.345136500 -0.832488086 -0.308006782 -3.599549214 -1.651128702 0.351032268 1.990777821 0.928752242 -1.665100762 1.230508695 0.737583308 0.102525529 0.369199413 0.837973350 0.382587023 -0.748242356 0.773854618 -1.442766932 -1.929350710 0.935903911 0.039286419 -1.920425415 0.416503237
5.837344611 8.930925307 15.696606220 -0.678708053 -0.369538067 -0.330185459 -0.542009740 1.373101205 0.384004841 1.254911869 0.700057741 1.225038555 -0.409845398 -0.197502367 1.128354234 1.417903029 0.163665902 -0.703180492 1.018739460 -1.051126875 -0.303257922 0.182382799 0.268925122 -0.488819523 0.393133794 0.294417637 -1.025419934
13.383901919 0.530172471 19.419810020 0.705476777 0.324692207 -0.011622790 0.629874907 0.095584311 -1.460560887 0.779990483 -0.279945624 0.436528248 -2.555851671 0.209160321 -1.458490034 -0.563610386 -2.399171728 -0.879748683 0.987297529 -0.716285025 -0.140719822 -0.204111023 0.429975717 -0.765536327 0.325368095 -0.326410151 0.472501937
15.905615523 8.217168055 17.703488769 -0.766929162 0.090130052 -0.163510284 0.613971189 0.145467386 0.027543716 2.499813314 -0.591681013 0.554532923 -0.036249964 0.113046392 0.668600849 0.863063031 1.531418597 0.077732569 -2.160420591 1.567740088 -0.965722867 1.532472327 -0.471362786 -0.604298634 0.809483083 -0.119068450 1.799743557
14.028141297 3.749535276 28.209660181 0.686716007 0.375055683 0.338406721 -0.522719094 -0.485247693 0.384982819 1.268117435 -1.150538884 -0.207748006 -1.082148880 -0.443147355 0.340313533 1.684653741 0.614988724 -1.756570179 0.712936330 -0.753745504 0.904129242 2.584042000 1.293735206 -0.488640126 -0.908064653 -0.064679613 1.256684203
10.655381885 1.164056488 18.653665467 -0.524307779 0.426795604 0.520023473 -0.522036830 1.416548234 -0.886369468 0.430407258 0.011716958 0.712119728 1.341801405 0.334247041 0.121465255 0.345142744 0.584620919 0.860111414 0.201438698 -1.644233459 0.589156390 -0.253738910 0.705048044 2.201667316 -0.174023399 -0.755636320 0.553211854
4.285745474 -1.626531043 18.191708115 0.035377422 -0.662117928 0.131920054 -0.736848280 0.992323674 -0.831023983 0.075987566 1.889287010 0.361324325 -0.073556489 1.800141441 1.454017212 0.795055994 0.857375693 -0.098034534 -0.494242677 -1.394956817 1.649299786 0.623718364 0.677939564 -0.029763428 1.631123709 -1.283423615 0.265999201
2.967933227 2.608710423 15.713923266 -0.315857106 0.537616716 0.479114215 -0.617779996 0.576954131 -0.864236659 0.077074694 1.083237029 -0.222670527 0.342709361 0.124273873 -0.133759694 -0.238055093 0.441803208 -0.250984272 -1.270638235 1.238544382 2.022146534 1.600005751 0.628422204 -0.185213519 -0.138724053 0.183707323 -1.402937925
3.169690827 10.046351133 20.199572900 0.726004387 0.214643911 0.648992210 0.075197958 0.860586107 -0.431337814 0.732046724 0.685197993 0.476551529 -0.857428710 1.013055529 -0.577354439 0.639921870 1.311790677 0.360036063 -0.554661346 0.303273785 0.292075685 1.387775144 0.336080503 -1.206290674 -1.124289173 -0.171985869 -1.550957892
12.294150136 7.656409756 26.185954172 0.752604268 0.385186213 0.419183468 0.330913308 -0.543353197 -0.507139805 -0.540820221 0.574256275 -0.482824504 0.351095787 -0.850597025 0.730851101 0.804202082 0.120264586 -0.006133086 1.978351835 -0.351483116 0.840613105 0.867165961 1.547314597 3.495925219 -0.199543864 -0.746979448 -0.636807282
7.630302650 9.210489155 23.720222790 0.005253941 -0.666859975 -0.690999308 -0.278908813 -0.261635425 -0.984871844 1.589540194 0.799059885 1.289468026 0.917428666 1.072084147 0.608017082 0.725715841 0.541202143 -0.638811937 0.906774713 -0.270626068 -0.301902086 -0.131401395 -0.038548211 0.094234646 0.178148089 0.945311373 -0.401966736
10.653307742 10.925962915 25.302286688 -0.413301087 -0.081469322 -0.399465579 -0.814231056 0.782972763 -0.777742191 -1.179217107 -1.428071444 -0.770488227 -0.029101248 -0.492087156 0.033423653 -1.982721335 1.186928304 -0.099957540 0.088462080 0.047541467 -0.429358077 -0.812164574 1.754129443 -0.440033882 -1.263499261 0.471327876 2.562483055
19.101932670 4.926115397 20.007666905 -0.021287944 0.966880170 0.208194167 -0.146098426 0.444617968 -0.154836074 0.447450089 -0.299584828 -0.460668230 -1.210167972 -0.388732856 0.138059869 -0.745943458 0.586718568 0.192491671 -0.386580198 1.576893959 2.104316907 0.420270783 0.549132387 -0.546159301 -0.692288179 -0.018919660 -1.793792185
17.607832830 0.537593573 17.374670645 0.320429576 0.465207469 0.625624907 -0.538052389 -0.234540415 0.607868261 0.750757270 -1.057403592 -0.487542161 0.520088878 0.154148144 -1.749424376 -1.019045730 -1.506487885 -0.316242793 -0.056158434 0.981825919 0.342129558 -0.822206870 -1.554270427 0.502029462 2.365995384 0.551065447 0.402570031
4.678272484 1.959884695 27.585524225 -0.367263508 -0.180350977 0.763502499 -0.499654856 1.249646675 0.406335416 0.267063757 1.182335286 0.201305788 -0.698125036 -0.031269636 -0.954427507 0.402736352 1.466576145 -0.341871193 -0.242686564 -0.685096327 0.873984899 -0.438802792 0.638201835 1.392452991 -0.935862119 1.148882895 -0.160153505
13.730806387 9.171181841 24.353425081 -0.016430146 -0.319980271 0.914280690 0.247857814 0.778190983 0.066658857 -2.037256765 -0.187732315 -0.054382317 -2.203007170 -0.237612862 -1.081216315 0.604946469 -0.287222773 1.035992435 0.207526891 -2.614032195 0.339779588 1.263574351 1.048159712 0.697755951 0.181574474 0.409746804 1.812626359
8.148844097 -0.600816526 16.200895003 -0.364933493 -0.225836382 -0.304625564 -0.850308614 0.835986464 0.623623674 0.164636531 1.646391193 0.392855227 0.509378844 -0.057145347 2.600666903 -1.081404596 0.983352580 -0.761641599 0.469864663 -1.142508872 1.250182576 -0.191980139 0.826595421 -0.821064462 1.159543635 -0.380702816 0.389542594
15.107660217 7.183979659 14.206840176 -0.728203332 0.143605489 -0.616951453 -0.261664435 0.263927086 0.497665040 -1.368268345 -1.699809378 0.140620688 -0.577923956 -0.881099744 -0.590965537 -1.618660446 -0.267287305 0.947045033 -0.297498431 -2.426591924 1.886529606 1.148350133 0.336271548 -0.497414685 0.406019911 -0.506371026 2.004138035
20.133482457 7.136806010 21.805970250 0.787512931 0.455290501 -0.358490579 0.209805738 -0.111200028 -2.313042078 -1.567075610 -2.258798713 -1.325418512 1.230755863 -0.101803332 -0.650350860 1.318623755 -0.891473653 1.035474456 0.678197859 0.597946484 0.911589908 0.877311267 -1.403468921 -1.120568429 -2.195213628 1.346107318 2.109544053
5.042384948 6.499898621 21.724822381 0.926806584 0.277584970 -0.008933888 -0.252777225 -0.665001002 0.000562093 -0.388577591 0.081223632 -1.111246688 2.047739000 0.237830277 0.042378780 0.802954992 -1.151020096 1.760818925 -0.969194423 0.858244564 0.132625725 -0.065074299 -0.894149556 -0.379035065 -0.421178054 -0.955875588 1.078941117
18.271565149 4.521520433 23.426075590 -0.212627200 0.680858346 0.509503193 0.481277553 -1.307482578 1.893825498 -1.356010823 -0.713075867 1.162162470 2.701849375 1.062942982 0.041549605 0.629728674 1.634231910 -1.865596976 0.713511088 0.389512881 0.344351717 -0.636494695 -0.845804953 0.576089768 0.889574601 -0.152045034 1.243169339
3.796186578 2.128684827 20.413761988 -0.775546379 -0.251203477 0.091204146 0.571932191 -0.801220734 -0.392104804 -1.476294978 -0.255705522 -0.775333352 -0.179209685 0.225092253 0.662233823 1.559661622 -1.932804424 0.017012107 -0.070493143 1.009562067 2.861966798 -1.330070697 0.085159252 0.419021916 -1.713755938 -1.389397623 1.009046739
16.833822850 2.812787626 17.737998971 -0.894558924 0.219094329 0.293500183 0.256163326 0.182869044 -0.261864240 1.215518860 -0.022600893 -0.316326973 -0.573365584 -0.993307273 -0.561136848 -1.284647093 -0.501971688 -1.992630750 -0.202838551 2.512748219 -1.250028010 -0.892003100 -0.519205128 1.436611196 -1.716456662 -0.657320028 0.785488912
15.389772351 2.942788171 17.126333510 -0.544895567 0.739922817 -0.394463460 -0.001274462 1.019174401 -0.532450032 1.195957549 1.141776384 2.372666730 -0.857652871 1.236998752 0.012752589 1.778735092 -1.244872749 -0.663063772 0.248588388 0.454896510 1.743000994 -1.613827356 1.918452649 0.640496910 -0.588114385 -2.281889106 -0.033194373
10.506221792 0.488554684 29.500006684 -0.745129339 0.617314495 -0.145823308 -0.206011276 2.272197142 0.511526094 0.809202424 -0.293022145 -2.039042453 -1.410144482 0.022932741 -1.246410608 0.423084890 1.183212049 -0.741105095 0.566952352 0.073329772 0.120729751 -0.192522257 -0.197502589 1.765249988 -1.048599090 -0.708766273 1.808632854
17.630011336 0.686608276 18.110315705 0.090186284 -0.491349686 0.421843591 0.756630626 0.990606737 -0.444742812 1.261675129 0.285284730 1.466974110 0.588367871 1.152377400 -1.187284599 1.613185410 2.149521343 -0.361475649 -0.354170489 0.126603633 -0.967419564 -0.451790189 0.492904139 -0.971683631 -0.584612041 1.052569730 1.344650834
13.591556517 8.626908805 12.831270762 0.131295602 0.000983469 -0.876328639 0.463474502 -1.878764177 0.112631744 0.049703753 0.934262858 -0.261424765 -0.306166695 1.369405817 0.540764255 -1.300900735 -0.545491738 0.818485363 2.122199238 -0.014561956 0.038187081 1.597780418 1.555277928 0.130676132 -0.103742281 -0.089957825 -2.252712212
9.958550614 5.199179381 20.409772345 0.368967000 -0.639786914 -0.540084310 0.403540575 0.518707925 1.196636779 -2.305149863 0.326592967 0.230035083 0.474031134 0.127554935 -0.618378145 1.464382409 -0.182687754 -0.560750318 -1.252867600 -1.789644743 -0.960368138 1.018085683 -1.175800562 -0.332503836 -0.538121745 0.422307170 -0.403060388
8.517396278 5.904957226 29.508501519 -0.436811669 -0.381882876 -0.644494998 0.497983164 -0.955888424 -0.257084638 0.016221155 2.119238187 -0.578118219 -0.527238047 1.646483939 0.470862775 -0.105806549 -0.112354871 -1.219172601 -0.221833907 -2.178187997 0.642528160 0.388057722 -0.732172601 0.383665347 -0.051184911 0.002608532 -0.702622552
6.856453919 0.811681261 16.321297011 0.572706403 -0.533703156 -0.582754898 -0.218094124 0.905045777 0.664183801 -0.388369406 -0.665128989 0.659474427 0.735082249 -0.147688318 -0.919675402 1.483537677 -1.748694599 0.865917600 -0.018448812 -0.878837374 0.196138279 -1.202235740 0.837077902 1.683390309 0.128150143 0.854492774 0.205559616
12.410004686 3.374584562 16.531844908 -0.346496409 0.230218592 -0.658374055 -0.627282426 0.598476320 -0.770103782 -0.151880739 -0.114960483 1.961447600 -0.670586819 -0.092403007 -0.038473302 1.143183692 -0.532334667 0.286715788 1.844355300 1.298894948 -1.519826531 -0.466165011 -0.878806464 -1.816338029 -0.176966436 -0.605385238 1.454079500
11.643839103 4.475476580 19.274015748 -0.718229253 0.278056301 0.172532600 -0.614055319 -1.474396114 0.433186542 -0.777393792 -0.092483398 -0.526001060 0.834924986 -0.256203687 -0.320502425 -0.251718246 1.167236586 0.493570544 -1.680129887 0.415246196 -0.272113996 -0.334981955 -0.329008523 -0.089493878 0.682791900 -1.212387484 0.735337749
8.289051493 -4.335549451 16.847562455 0.176867644 -0.353812828 0.843540023 -0.363283015 -0.503298115 -1.917783276 0.320111342 -0.477371620 0.547907825 0.279651522 0.392337175 0.270971073 -0.488006738 1.351005659 0.590357955 -0.947425563 -0.868248597 0.271292304 0.714949909 -1.123142179 2.467825953 -0.415784450 0.206785761 0.291864954
16.333003064 0.268683897 22.345969392 0.162674101 -0.851071968 -0.476017046 0.150404167 -0.879402118 2.136250426 0.962207090 1.021306748 1.342568002 -1.067306987 -1.716594659 0.209114706 -1.237350329 -0.581411516 -0.391154620 -0.917938427 -0.237172254 0.021285761 -0.639449616 0.584832039 -0.418286286 -1.764285635 0.930925729 -0.104562358
11.903233193 1.373778027 17.905006899 0.078988967 0.287839514 0.903599784 -0.307272824 -0.961652519 -0.743166108 -0.988699079 0.642728557 0.498536228 0.543200524 0.581236027 -0.947926234 0.872869870 1.899694880 -0.843793276 1.123473285 -0.664494098 0.344728354 1.593853733 1.589978822 1.691418255 0.149466905 1.425284108 0.171204384
16.600882847 7.515730673 20.723971880 0.044958799 0.831719566 0.527234149 0.168063743 -0.081507085 -0.593357028 0.633895625 2.175276754 -0.350407168 -1.406913906 1.049481799 -1.159884051 1.687249653 -0.016447123 0.308792333 0.088861375 -0.767131617 0.518846846 -0.745209707 0.746521096 -1.558477291 -1.276704286 -1.664180662 -0.773985167
13.008713745 -1.483784376 26.498188911 0.482787565 0.406860700 0.135552885 0.763548265 -0.793751921 -0.197430235 -1.744589969 -0.604474856 -0.473951114 -0.111681689 0.454920550 1.283305796 0.078040944 0.969152236 0.111567422 1.266099258 -0.979048595 -0.534735103 -0.895427129 -0.064585328 0.610908311 0.011929549 -0.192531206 -0.896100639
6.674153130 10.477058584 24.554787693 0.005894073 -0.070238120 -0.909375951 -0.409960054 -1.093261042 0.311953583 -0.048609154 0.617525427 -0.197296942 -0.046265855 0.969780962 0.167696369 1.592171953 1.000491862 2.572179258 0.710679470 -0.240972920 1.344022327 -0.221822226 -0.875957770 -0.835453978 1.207744769 -1.087052455 -1.161542761
11.576718050 7.400015379 22.220726558 0.646844180 -0.109563482 -0.222505809 -0.721165457 -0.401242967 -2.507890850 0.344771560 1.527911657 -1.753950206 -0.099693658 1.440019344 1.902729534 1.096015320 0.739623091 -1.374596503 -0.208256984 -0.666786090 -1.059066525 -0.064787601 0.767878501 1.308748825 1.482842690 0.521709654 -2.332500711
14.305689148 -0.351621003 15.923107720 -0.094199956 -0.407350071 0.820447540 -0.389946306 -0.866630870 -0.042715470 -1.690833959 -1.825941639 -1.035774684 -0.633007333 -0.409282394 1.759311977 -0.512693594 -0.167999240 -0.333412005 0.935111816 1.351280926 -0.900645260 0.834874184 -1.975449765 -0.076085999 0.587805251 0.477005962 0.353895442
17.840397377 2.716100808 16.908503725 -0.154298992 -0.496129177 0.266683562 0.811743518 0.306736884 -0.675959517 -0.032814739 0.665005506 -0.230238795 0.390496209 1.358850265 1.191633067 -1.442755680 0.604451613 0.488058894 -0.302681447 -0.006219901 -0.560022626 1.186341706 0.019786335 0.036045948 0.684825720 0.130612915 -0.445129234
12.974210003 -4.218683748 22.465913711 -0.432680880 0.534483484 0.603513356 0.403591736 -0.817950889 1.253204845 -0.039463626 0.341441338 -1.705403763 -0.491636974 -0.419090301 0.394086143 0.306359901 -1.431613801 -0.087899966 1.430997632 0.189079747 0.924915705 -0.721299331 -1.676518769 1.033629878 -0.397673764 -0.041433499 -0.565233021
10.411269598 1.334487046 12.250418597 0.002042992 -0.602928181 0.765385785 -0.225073399 -0.152474370 -0.355089001 0.107825390 -0.095637067 0.134718698 0.235218628 -0.691602647 0.745614437 1.056840848 2.392022592 0.502364031 0.168743585 -0.497119322 1.933774014 -0.727520910 -1.172053552 -0.362040849 -0.046829361 -0.944905399 -1.359021341
16.880384135 7.846275001 26.743918657 0.729379765 0.319139509 -0.100555711 -0.596693959 -1.234721215 -1.794294973 1.537457792 1.218242111 -0.570622065 -0.304309611 1.672400014 -0.369659362 1.126509546 0.223639565 1.012163638 0.673285494 0.482736546 -2.251956219 0.037678206 -0.641738037 1.114951640 0.228456930 -0.296428156 2.670668249
7.341129883 4.810789627 27.409145161 -0.551506011 -0.657987119 -0.512686116 -0.006856911 1.240077758 -0.506500436 0.042247052 -0.304089145 -0.664162053 1.165795944 -2.099233033 0.494487880 1.150276125 0.037804299 -1.302529078 -0.801462978 0.793272712 0.456146665 -1.554244136 0.258447071 -1.622753994 0.275692612 -0.906025352 0.881223291
10.853799761 7.933315731 16.689247607 -0.884610285 -0.134107144 -0.302625101 0.328478257 -1.115454798 0.108717377 1.250858439 -0.928137462 1.942559445 1.707999073 1.183655651 0.314912442 -0.800248569 -1.838138340 0.419111273 -1.643212066 0.058853896 -0.047901050 -0.892099042 1.208967796 3.215491972 1.609753627 -0.367233439 1.040950701
10.225758459 7.762901570 21.261362802 -0.235028134 -0.548742428 0.531330385 -0.601108598 0.270960766 0.251181262 -0.968667102 -0.414843029 -1.231816741 -1.033622884 -0.504680903 0.705232507 0.246996250 0.333712191 0.689294180 -1.207696876 -0.804349375 -0.228200588 -0.756022556 -2.216730985 -1.233324174 -0.422959205 -0.633837816 0.916303198
15.486491547 8.409557063 23.667767402 0.176454143 0.911975467 0.276446377 0.246459090 -0.299041277 -0.102439211 0.085035588 0.862755817 0.699131798 0.550422293 0.806581755 -0.597005156 1.835561393 0.771091866 -0.674636462 1.838387855 -0.350682462 -0.128771304 1.812509858 0.530849167 -0.789544736 0.280541005 0.127733388 -0.475737766
4.216933005 0.622694153 24.021748159 0.345347809 -0.644749810 -0.317630134 -0.603443180 -0.009022827 0.662803775 -0.655067074 -0.140710412 1.482474800 1.092534484 -0.776648699 1.176709991 0.374794487 0.137770507 0.440651044 -1.094800501 -0.323678968 -0.893752457 -1.478481655 0.537644075 -0.582028988 1.342512310 -0.067047813 -0.376403740
9.136907317 9.109772768 23.333630405 0.090796228 0.273665068 0.723949322 0.626706354 2.626453059 -0.222786985 -0.613763996 0.406246546 1.655763417 -0.636778840 -0.246712628 0.520214898 1.199956702 0.555102506 0.839628494 0.365841352 -0.380337634 -0.505673123 -2.073871178 -0.278183364 0.408546873 -0.651780805 -0.658464163 -0.204741098
15.781223121 7.772750052 21.272285893 -0.100511434 0.954522175 -0.262811808 0.098563803 -0.952867702 1.405453367 -0.965648138 -0.293777504 1.732865638 0.377124880 0.710290335 -0.069451886 0.330826075 0.164964026 0.658152253 -0.568448985 0.410760484 0.725326413 -1.223978941 0.898046680 -2.078540933 1.498776850 1.876082295 0.511971546
15.462502000 12.335131869 21.833337321 -0.972592009 -0.062589883 0.124380815 -0.186216819 -0.197260261 1.320175586 0.350379192 0.019976314 -1.014671692 0.336724359 -0.024390969 -1.811238115 -0.015431748 -1.006045439 -1.660205191 -1.292539310 -0.285924754 0.352853672 -0.518267809 -0.658235109 1.032395502 -0.779032058 1.624247754 -0.298644260
10.567612767 13.929965162 21.088158593 -0.515378968 0.405191287 0.539902059 -0.527930210 0.149335699 0.695036133 1.870850228 0.754397165 -1.965502449 -0.429359501 0.011385329 -0.586200217 -1.035016274 -0.803063961 0.990409736 -0.166881159 0.121344614 0.674097664 -0.208474225 -0.463625942 -1.961015269 2.584955879 1.550801897 -0.472619108
13.183072088 5.074417415 25.825445820 0.973378879 0.025544986 -0.192788291 -0.121299984 1.002266153 -0.176230090 1.042302993 -0.250728285 0.810395134 2.125988517 -0.226894624 -2.515370059 0.417042078 -0.879429381 -0.318667947 1.045288550 -0.395830988 0.255019826 -0.821784960 0.817536126 -0.734960830 -0.117152801 0.847685050 -0.648307624
11.865905703 10.318295290 24.267543390 0.304208077 -0.707706481 0.526406204 -0.359868713 -1.182815907 -1.095132898 -0.258903326 1.202977324 -1.707833994 0.082054461 -0.062909727 -2.024618821 -0.031863613 -1.237041921 0.465424694 -0.292726564 -0.275186614 -0.489684736 0.641352648 0.119878322 -1.017280115 -1.439409191 0.598929397 0.937905551
5.544356929 4.541054027 17.012858110 0.699777590 -0.605381860 0.250532386 0.284706255 -0.015175222 0.144350443 0.454936065 -0.848046091 -1.527082551 1.035555428 0.070788905 -0.271197206 -1.852793305 2.166307812 -0.423129126 -1.903990362 -1.192699140 0.821713058 0.761018824 -0.375277789 -0.430820329 -2.894413883 -2.383921008 1.617299867
10.274202425 11.713083531 25.956089124 0.575014817 -0.464479669 0.622508238 0.257099379 -0.009442423 -1.498457989 -1.113102563 0.272164688 0.218000943 0.810027138 0.593421193 -1.357156548 0.033626906 -0.650092936 0.828973431 0.721698257 0.239923860 1.830130084 0.493235286 -0.288590489 -0.514298790 -1.833305867 -0.040567254 0.488466925
5.069761243 -3.425687387 22.241902475 0.215968070 -0.096954234 0.959169980 0.154759876 0.140799105 -0.383067852 3.031447723 0.724778656 -0.910595947 -0.422201072 -0.228206501 1.444561446 0.438053357 -0.533682055 0.762526261 -0.932305244 0.957903557 1.845162592 -0.065934690 1.923585997 1.162781956 2.383386584 0.122552029 -0.142945045
11.778096315 7.142780147 16.287398259 0.387495057 -0.418636634 0.272530230 0.774802054 -0.565956792 -1.518826795 0.418906690 -0.886900915 2.366009748 1.010635872 0.029543597 -1.930787030 0.170378745 -0.150105183 -0.104718933 1.652741562 0.121005541 0.371725711 0.677224505 -1.038140241 1.899343838 0.003947523 0.302078568 -0.269641818
13.480349097 2.364789280 15.651201934 -0.550568767 0.664528888 -0.502814094 -0.049531579 -1.301591210 -1.005551827 1.165832259 0.193247751 0.386685185 -1.226518796 -1.540469654 0.054856166 -0.382844984 0.625120500 -0.482206046 0.382078306 0.438179854 0.433025730 -0.006700381 -0.686011689 -0.016280152 -0.945009285 -1.463439537 -0.006367795
9.074785982 -0.773935268 25.948037757 0.227820915 -0.764559309 -0.601107203 -0.047083163 -0.577882029 -0.267527095 -1.967553631 -0.135695157 -1.035802242 0.024787103 1.193781639 -0.142987278 -0.377204838 -1.522778488 1.240520774 0.723397115 -0.799818583 0.448285769 -1.269542432 0.125266113 0.718411097 -0.165494649 2.068056252 -0.260535699
4.635824389 -0.724590105 21.480357977 -0.371760932 -0.806286800 -0.308295602 0.341539497 -0.870466135 0.036570387 -0.942592313 0.565365730 -1.730708010 -0.500593544 -1.498810483 0.520433595 -0.533029266 0.815347801 0.522812130 -1.749532341 -1.709099410 -0.345389052 -0.845318636 -0.190946541 -1.763142218 -0.276606078 0.990801161 1.162854642
19.795808689 6.784136882 22.828002852 0.742545225 0.221808338 -0.630871618 -0.037797503 -0.005449646 -1.791207210 -0.730660829 0.056110809 1.162703136 0.664952866 -0.262068244 -0.451520843 2.746307614 -1.552136367 0.302799692 1.366457797 -0.461003090 0.589268471 -1.321606599 -0.216675801 -0.101815851 -0.070251148 1.361759851 1.025765897
15.573446932 13.261719306 21.036717875 -0.023570390 0.461557939 -0.798111862 0.386556802 -1.246824538 2.445100786 0.707504304 -0.075817047 -0.278537638 -0.503587122 0.076829744 -0.171144378 -0.198813674 0.157157336 0.460369341 0.653155611 1.043471905 -1.108266200 1.424287459 -1.688460519 0.646405355 1.761834758 1.190190466 0.743281203
16.042331259 0.226154362 13.766543827 0.057843510 -0.521814267 -0.569334093 0.632631559 0.170503953 -0.928995629 1.576778456 -1.054498599 -0.266485369 1.178676997 -0.035077687 -0.669017500 -0.481675677 -1.408918538 -0.549576190 0.267958224 1.116419129 2.783013554 -0.059005471 1.283260783 -2.343534278 1.130120845 -1.229166690 0.713056818
10.402012465 -2.636226025 24.890793747 -0.686613458 0.455802387 -0.489391940 0.285134482 -0.279205756 -2.007754616 -0.013249359 0.427936701 0.816601558 -1.046983830 -0.919974203 0.129814800 0.131858432 0.645790193 1.011403912 -1.909932044 -1.278863230 2.067898092 -1.021425921 0.208418781 -0.223485930 0.212198548 0.091240709 -0.659675598
11.187536039 11.687470897 15.584259574 -0.168326409 -0.889314294 0.087880640 0.416008773 0.562524040 -1.691351233 1.101858853 -1.170895657 -2.245393614 0.589165626 0.263554709 0.020442151 0.327823500 0.904040178 -0.088332105 1.877344333 0.214166206 -1.508551536 -0.909937761 1.288709229 0.294612822 0.234747575 0.033727794 -2.197350245
8.462758959 11.168533673 25.561603742 0.623848692 0.459881876 0.477582085 -0.413807711 0.648080022 -1.290099297 -0.917816870 0.146935758 -1.571375166 0.260611223 0.271348556 -0.015634890 -0.844555090 1.017016585 -1.125727395 -0.403120237 0.915866984 1.216344321 0.680847154 0.550841427 0.148068874 -0.388604558 -0.534993510 0.009259099
14.938115695 1.388114445 19.707643046 -0.435744986 -0.762830952 -0.374038480 0.297170762 0.065179749 0.022608096 -0.299616243 0.045338645 0.008662133 0.332281815 0.680863574 -0.412629553 -2.563926783 1.829259822 -2.111276933 0.233309747 0.323371101 -1.558033769 0.688913996 -0.694887307 0.016341645 1.176851938 -0.444442783 1.521932102
9.344387436 9.677986511 22.072747949 -0.925024343 0.334956708 0.101982590 0.147422927 2.228611204 0.757923230 -1.336940171 -2.520112643 2.966003058 -0.901282012 1.999905575 0.242242421 -0.665994435 0.674413819 0.423084972 -1.076671092 -1.126396638 0.595514834 2.190056495 -1.230963943 -0.402935545 0.108033685 -0.385701396 -1.716694491
6.757800033 5.977546418 18.981862999 -0.910796410 0.097621090 -0.398668262 0.044538065 1.000334736 0.736260138 -0.483702746 1.681998550 -1.182411005 -0.632599882 1.433850244 1.479386335 0.156988078 1.322402029 -0.146779611 0.885392280 -0.518870602 2.212112632 1.239784812 -1.565860585 0.236931402 -0.886134876 -1.630928648 0.721165553
16.813735350 2.428472635 17.479860269 -0.402520046 -0.557654259 0.515390464 -0.511245546 0.172392723 -0.549961241 0.540552418 0.280132212 -0.423013645 -0.273569430 -0.573553491 -0.768707550 -1.414754683 -0.973635644 0.637864037 -0.254925085 0.888759334 1.073048149 -0.788309132 0.160859944 -0.432722253 0.410081983 -1.850231910 0.170835186
7.381599392 6.148040656 18.971053829 0.340662058 -0.100450496 0.769172274 -0.531256128 0.818857390 -1.213788565 0.350338821 1.142353330 0.913273486 0.121747721 1.647139634 -1.133777691 0.979525531 1.309644522 -0.384588973 -1.059236961 -1.937457117 1.018109658 -0.855031746 -0.562334512 1.908123507 -1.152043008 -0.663661136 -0.667003095
13.818051902 3.928540296 26.712540388 -0.466546456 0.478529046 0.025573307 -0.743431478 1.051739054 1.529973621 2.165015295 0.360502925 1.066480554 0.924444510 1.246737577 -0.258823593 0.182425070 -0.466667417 -2.635088868 -0.780856966 -1.145863327 0.487684350 1.048669536 -0.970786472 1.924725062 -1.577023382 -0.657389770 -1.337683851
6.776538777 4.697518190 26.215027321 -0.625309232 -0.249760268 -0.357411169 -0.647198138 0.153557667 -0.161572858 0.476601614 0.165124665 0.206937745 -1.503040732 1.374897068 0.707995864 -0.747293112 -0.068292319 -0.252379844 1.500677651 0.364531854 1.541316691 -0.608702024 0.932974696 -1.292735770 1.372301152 0.458251487 -0.554681362
6.368279557 9.913348092 17.775134851 -0.326684736 0.083683290 0.888985950 0.309803439 0.573976519 0.482300771 0.879332944 -0.291139239 1.756734980 0.050428421 0.444678640 -0.078650668 -0.081348626 0.971414360 0.015088384 -0.093244655 -0.411597841 0.776160794 -1.259750678 0.955253939 0.784760198 -1.161762173 0.257604178 0.566708829
14.599972782 2.108484938 12.545173629 0.198825146 0.065994518 0.416998650 0.884435080 0.975282835 0.114353578 1.733973684 -0.845340217 1.260719423 0.412740117 -0.988850630 0.892841497 -1.795098614 -0.056718821 -0.602064302 -0.771640475 -1.100393999 -0.575753498 0.876924719 -1.533109677 -1.711878220 0.097529552 -1.626651221 1.247314751
16.129267906 5.561712208 22.291350144 -0.556790607 -0.764088211 -0.089973272 0.313142518 0.042785425 -0.011111928 0.353294915 0.858165084 -1.016577370 -1.288477261 0.179445833 0.659305800 1.387652452 1.047707458 -0.632545792 -2.070947082 0.185773606 0.745055202 0.274588707 0.185488757 0.100299481 0.641285298 -1.075850545 -0.340398012
6.149875217 12.768479550 20.296382243 0.706278034 0.669171417 -0.213923864 -0.087278483 -0.971222792 0.312481282 0.883764695 0.658657943 -0.499007684 -0.763317461 0.698022109 -0.828949835 0.426425813 -0.869994342 0.535714007 -0.639438246 0.637542916 0.194345071 1.594302696 -1.056368140 0.489416435 0.957239540 0.225848970 -0.880689837
4.823413521 4.919748436 12.775165204 0.450824912 -0.328324946 -0.807566549 -0.191822567 -0.066280314 -1.153984228 0.526336008 -1.294197463 1.133506516 0.641521934 0.853213416 -1.225859655 -0.747748818 -1.248686672 -0.995510184 0.714130262 0.129753188 -0.767123599 -0.649077357 -0.640096479 1.417775737 0.601791004 -0.938733927 0.701660740
14.115303358 8.018095351 23.841144568 0.438129918 -0.378409460 -0.361765960 -0.730735141 0.056450562 0.348157611 1.225784740 0.732604046 0.528767063 -0.468187722 -1.921366539 0.601551402 1.848704897 -0.705870277 0.803255644 0.001359733 -0.274747705 -0.074174726 0.438693159 0.956254194 -0.604803806 -0.221566779 0.654091968 0.599672842
10.935367217 -0.025706992 13.869970812 0.227390138 -0.864087172 -0.124677867 -0.431396007 -0.090459760 0.171576515 -2.169502341 0.413330844 1.090757186 2.054592724 0.962015401 0.297905383 -0.737107247 0.716374274 0.979030396 -0.619619863 -1.034584433 1.880343435 0.162926927 0.873545983 -0.351844746 2.034160832 -1.385295663 1.257760140
16.434211237 5.819103130 15.123364690 0.455630216 0.502972557 0.718567756 -0.151921340 0.716866384 -1.600888937 -0.592579974 -0.638513855 0.878183609 0.712092137 -1.726846147 -0.290656178 1.067419067 0.750550788 -0.192945610 -0.691850364 0.386252568 0.698349051 0.057323464 -0.836841497 0.312778551 -0.978924253 0.183350930 2.842698709
14.208390411 3.122072420 14.661630457 0.865015445 -0.349485897 -0.354609592 0.062128293 0.323075490 -0.810717033 -0.948116541 -0.958642247 -0.123704750 0.640335621 0.507024174 0.239641036 1.483446127 -0.130285399 1.207454134 0.911007209 -1.288294344 -0.919299676 1.351076849 3.000322179 0.911077222 1.043968770 1.444339895 1.416437066
11.240127941 11.717364734 15.532643613 -0.349721283 0.409107395 -0.566880239 0.623676966 -0.329769510 -0.876871458 -0.162179249 0.670487895 0.655786839 0.040731502 -0.001346131 -0.168910113 0.332466182 0.163732188 0.095468075 -0.493791870 0.937353333 1.741936137 0.685857595 -1.160078244 -0.888827268 2.346518860 0.718020999 -0.227761094
2.969684686 -0.035034999 18.997232401 -0.359971613 -0.808076460 -0.073289654 0.460501357 -0.718849286 -0.258200268 -1.283561563 -0.632013569 1.183681474 2.372662817 -1.940951541 1.459139432 1.893982968 -1.214655908 -0.258681397 0.203288890 -0.684811023 -0.148928336 -0.829079786 -0.901916618 0.215171063 0.171999385 -1.955378864 0.654288294
12.973241091 0.771573291 20.487886950 -0.176409544 0.911767725 -0.144097618 0.341753077 0.101956603 -1.318703110 0.606333346 -1.429026794 0.137313393 0.243685079 -0.917994786 1.239530919 -0.557717035 0.722397960 -0.091303350 -0.248931912 0.538646849 1.412961529 -0.198867110 0.265269222 -1.640094609 1.319001256 -2.025006408 1.466098978
5.164562408 0.737134030 13.552008002 0.673228667 -0.298634752 -0.179255830 0.652263592 1.281021480 0.614937524 -0.816942253 0.509357371 -0.013543473 0.766729032 -0.728142585 1.371252391 -0.649278469 1.352090204 0.024252880 0.646986910 0.734398028 0.310032530 0.254818139 -2.046064660 -0.278307102 0.036468956 0.539931490 -2.270758565
14.002796288 2.555295560 13.517749686 -0.347010017 0.892174203 0.094029702 -0.273436748 0.754365246 0.059543227 -0.054027959 -1.151977438 -0.579119495 1.109053331 -0.575509938 1.844916457 -1.003286527 -0.806310226 0.285470174 0.555228436 -1.333481350 0.556319025 -0.670154168 -2.092411455 -0.270837804 -1.117081406 -0.310519161 -1.528241374
12.264376699 -3.476066000 24.374706274 -0.691983660 -0.287248352 -0.476010670 -0.460500642 -0.218966433 -0.994347709 -1.257136535 0.171990691 1.861701670 -1.086243743 -0.626538997 -0.117520611 0.091836395 -0.295693854 1.067377585 -0.899539119 0.073186425 -0.524566271 -0.561133763 -1.873436452 0.222757131 -0.474326732 1.933149658 -1.922616059
15.973030889 0.899321516 18.197934917 -0.805297724 0.421738603 -0.291988098 -0.297279460 -0.414763151 0.187937462 -0.020602460 -0.874746155 -0.674138302 0.998451270 0.463156253 0.097979237 0.515191911 1.296778912 -1.211095008 0.987643601 -0.234255876 -0.003637650 0.794243693 1.228060229 -0.800530083 0.353378682 -0.138265749 0.385412042
3.265178892 7.589798721 23.265621852 0.217016034 -0.269847254 0.354267883 0.868666085 1.410423390 0.197651679 1.141914413 0.003164140 1.091546032 -0.214878680 -1.658924445 0.174983223 0.010692877 0.341518848 1.247289422 -0.833582453 -0.000707682 -0.499888508 0.691166187 0.906226245 -1.444651822 -0.093191198 2.445960011 0.788620081
11.940906638 13.894590276 21.698861707 -0.201230120 -0.005349692 0.842727039 -0.499288452 -0.671626215 2.253699535 -0.727660923 0.804848252 -1.288226386 1.043383490 0.375376976 -1.518470723 0.570944591 0.858241421 0.587669611 -0.894763969 -0.741561040 0.781790842 0.668398157 0.581900117 0.618669555 -0.500091570 0.344255648 1.498982394
11.248439237 2.055142487 17.050386435 0.979183383 -0.175239709 0.099310386 -0.025067809 -0.748904302 0.185217450 -1.840088509 0.366526965 -0.864279021 0.521914558 -0.992247659 -0.337369201 -0.358709253 0.452709245 -0.916029909 -0.145679246 1.802111551 -0.347091472 0.968391290 -0.542477963 -0.373757872 -0.306243553 0.484317566 -0.170387368
8.244523348 7.847306514 16.156046235 -0.220325534 -0.474284309 0.527806053 -0.669277091 -0.679865529 0.332052374 -0.806013540 0.460551673 -0.196482899 -0.908568046 1.393333735 -0.160221765 1.442133835 -0.645671678 0.470869565 -0.371124163 -1.196504960 -0.360475853 0.365072675 -1.036272648 1.023057208 0.617478013 -0.710044362 -0.109048353
16.917152697 4.981262873 20.375854352 0.515910469 0.669531749 0.509234558 0.161999353 1.215046684 -1.467099258 0.758426770 -0.540815406 -1.153841142 -0.560794720 -1.971616017 -0.197419274 0.558822002 0.382883699 -1.364875740 0.531808959 -0.285113590 2.260827355 -0.924842543 -0.117118916 1.228288568 0.180756325 -0.350359322 -0.870471912
7.932782308 1.247759870 13.822579000 -0.437571861 -0.236832801 0.852638052 -0.159528815 -0.308453731 1.123741628 0.674552415 -0.793308627 -1.117094001 0.891192506 -2.010657858 1.307963457 -0.501198742 -0.473750344 -1.136406360 -0.689041298 -0.146528449 -0.801118521 1.506720120 -0.849109268 0.782479351 0.399542470 -0.448548577 -0.626711826
8.327076170 1.246948754 14.595797257 0.356087818 0.356700322 -0.258198351 -0.824196553 -0.345706877 -0.790426636 -0.723467039 1.262729324 -1.402898475 -0.681905285 0.895146352 -0.131797101 -0.985331239 0.303474362 0.304288622 0.110834474 -2.339754201 1.411577051 0.387308286 -0.066921068 -0.787365567 -0.051234604 -0.036027948 -1.846671033
13.568949175 2.673396593 11.172506655 0.945724940 -0.162509613 -0.000858444 -0.281414687 0.617229503 0.337287362 0.500919368 0.535072757 0.290907831 -0.590091241 -0.495950400 -2.129318955 0.116201832 -0.606983352 -1.450621880 -0.132054882 -1.988552845 0.000499742 -2.134308111 -1.380948918 0.245381861 -0.226823149 -0.641876950 0.833772102
11.999449738 6.732510543 24.109253698 -0.872358991 0.209620858 -0.247672215 -0.365660170 0.287574606 -0.094644323 -0.027982568 -0.623965067 -0.535626672 -0.191763957 -0.892532591 -0.875673994 -2.140840753 -1.293535714 0.252731162 0.054413246 -1.441607439 3.624128060 0.028584619 0.361946627 -0.943577953 1.295362485 -1.238137449 0.478869459
11.039728576 12.585419196 16.046671167 0.912453163 -0.202305329 0.205233030 0.290484393 -0.100737590 -0.464901014 -1.152434987 -0.043505029 -1.807919538 -0.379707205 -1.388613754 0.690256579 0.406368775 -0.811633057 -2.571866455 0.881362372 1.135730212 0.641651949 0.854420904 1.796386069 0.854632745 -0.575514323 0.646360908 0.450543521
6.114213853 7.340310983 16.427332454 -0.484157256 -0.821313404 -0.291503405 0.077857614 0.074711800 0.991710299 0.331918252 0.347728353 -0.257802222 0.368413474 0.141552093 -0.282182208 0.118086684 -0.022280327 1.270475064 -0.264667136 1.277376962 1.322807472 0.853850638 -1.477234045 -0.205640650 -0.102392307 -0.618195655 -0.966553052
15.376189251 9.041387107 21.014166571 -0.622452772 0.294938423 -0.203021708 -0.695949754 2.206498773 -0.488267970 1.175911033 0.350892111 -1.844602234 0.556727494 -0.647698174 0.678389753 1.428235844 0.477002552 -0.706622803 1.873183299 -0.771191184 1.331206672 0.306093299 1.164242979 -0.915555612 -0.000544180 0.894443033 0.339362973
20.612644832 4.603979614 21.380813065 0.458034334 -0.441406582 0.459072073 -0.620175466 -1.432007976 -0.838968067 -1.073261393 -0.102952900 0.159908094 -2.290444053 -0.360672005 0.074520675 0.228588159 1.259211668 -0.653158356 0.252257075 -1.387668458 0.396193489 0.776420268 -1.276441829 -0.641614802 0.120879599 1.233247675 0.478356538
9.664050019 -2.490825402 19.989572544 0.298288785 -0.615259172 -0.729627921 -0.011092787 0.667456650 -2.037379473 0.232781133 -1.213357315 -1.198381619 -0.544448739 -0.169299188 0.596367411 0.128782466 0.341422577 0.954076253 -0.097326470 -1.140181050 0.233717041 0.962679802 0.021332309 -0.820100465 0.326534203 0.369948533 0.589278145
13.060375556 10.140776760 20.591833531 -0.557259359 -0.591131679 0.008253981 -0.583058502 -1.241856683 0.289184927 1.298193016 -0.589346462 0.733552413 1.505339654 -0.199208561 -0.318148000 -0.239701841 -0.449161552 2.081837578 -0.121744767 0.298715456 1.220458463 0.288037566 -2.036017968 -0.355342476 -1.156270509 1.022440368 -1.789734000
16.285609383 2.563317790 13.323357359 0.013534087 -0.124692901 -0.464989939 0.876386254 0.853551460 0.467686899 -1.222798490 0.442433363 -0.720047190 0.382041593 -0.438919276 1.414768808 -0.452140025 -0.492781059 0.413951212 -0.688777576 0.872183507 -1.031227101 -0.170669841 0.160032663 -1.027249522 0.307010714 -0.674645883 1.537400307
2.491046988 7.740903912 22.093680019 -0.164961807 -0.754941024 0.634545795 -0.014257875 1.311165342 0.942801139 0.024771174 -0.705794628 -0.326292824 -1.451903679 -0.996537057 -0.437441534 0.605958395 -0.200368096 -0.622896984 0.118676394 1.143985664 -0.369501084 0.075517612 -0.837131927 -1.051454453 0.331078944 0.872742779 -0.545358979
